----------------------------------command: vmstat 5 >> vmstat_out: display status of five second[default is from boot time]----
procs -----------memory---------- ---swap-- -----io---- -system-- ------cpu-----
 r  b   swpd   free   buff  cache   si   so    bi    bo   in   cs us sy id wa st
 3  0 119504 1648252 262216 2125708    0    4   115    88  610 1503 16  5 72  7  0
 3  0 119504 1648252 262216 2125708    0    0     0   249 2512 8999 12  5 67 15  0
 1  0 119504 1648252 262216 2125708    0    0     0    45 2575 9007 12  5 82  2  0
 1  0 119504 1648252 262216 2125708    0    0     0    25 2810 8731 11  3 85  1  0
 1  0 119504 1648252 262216 2125708    0    0     0   250 2407 9088 12  4 80  4  0
 1  1 119504 1648252 262216 2125708    0    0     0    86 2326 8879  9  4 85  2  0
--------------------------------------------------------------------------------------------------------------------------
----------------------------------command: vmstat -w 5 >> vmstat_out: wide output-----------------------------------------
--procs-- -----------------------memory---------------------- ---swap-- -----io---- -system-- ----------cpu----------
   r    b         swpd         free         buff        cache   si   so    bi    bo   in   cs  us  sy  id  wa  st  gu
   2    0       119504      1755576       264072      2142388    0    4   113    87  611 1517  16   5  72   7   0   0
   1    0       119504      1755576       264072      2142388    0    0     0   166 2436 8721  10   4  82   4   0   0
   1    0       119504      1755576       264072      2142388    0    0     0    16 2412 9018  12   4  84   0   0   0
   3    0       119504      1755576       264072      2142388    0    0     0   165 3069 10217  15   5  63  17   0   0
   2    0       119504      1755576       264072      2142388    0    0     0   216 4399 12012  35   8  50   7   0   0
   1    1       119504      1755576       264072      2142388    0    0     0    65 3149 10357  15   5  79   1   0   0
   1    0       119504      1755576       264072      2142388    0    0     0    18 2889 10242  14   5  81   0   0   0
   1    0       119504      1755576       264072      2142388    0    0     1    84 2759 9788  12   5  81   2   0   0
---------------------------------------------------------------------------------------------------------------------
--------------------------------------commad: vmstat -f 5 >> vmstat_out: how many process(fork /task as multithread)-------
        13109 forks
---------------------------------------------------------------------------------------------------------------------------
--------------------------------------command vmstat -a 5 >> vmstat_out: active/ inactive part of memory-------------------
procs -----------memory---------- ---swap-- -----io---- -system-- ------cpu-----
 r  b   swpd   free  inact active   si   so    bi    bo   in   cs us sy id wa st
 2  0 119504 1818548 4119848 1074948    0    4   108    84  614 1558 16  5 72  7  0
 4  0 119504 1818548 4119848 1074948    0    0     0   477 3214 10177 23  6 69  2  0
 2  0 119504 1818548 4119848 1074948    0    0     0   211 3748 11486 30  6 60  3  0
 2  0 119504 1818548 4119848 1074948    0    0     0    62 3930 10834 24  6 70  1  0
 1  0 119504 1818548 4119848 1074948    0    0     0   224 3355 9679 16  5 77  2  0
 1  0 119504 1818548 4119848 1074948    0    0     0    30 3401 9774 14  4 79  2  0
 1  0 119504 1818548 4119848 1074948    0    0     0    11 3662 9685 12  5 83  1  0
 1  0 119504 1818548 4119848 1074948    0    0     0   227 3702 10476 19  6 72  3  0
 1  0 119504 1818548 4119848 1074948    0    0     0    18 3451 9409 12  4 83  1  0
 1  0 119504 1818548 4119848 1074948    0    0     0    12 4155 10608 18  5 76  1  0
 2  0 119504 1818548 4119848 1074948    0    0  1464   128 4115 11082 14  6 75  5  0
 2  0 119504 1818548 4119848 1074948    0    0     0   152 3551 9943 16  5 79  1  0
 2  0 119504 1818548 4119848 1074948    0    0     0    18 3278 9584 11  4 84  1  0
 1  0 119504 1818548 4119848 1074948    0    0     0   249 4164 10574 24  8 67  2  0
 1  0 119504 1818548 4119848 1074948    0    0     0   179 3657 9481 14  4 81  0  0
 2  0 119504 1818548 4119848 1074948    0    0     0    14 3838 10391 24  6 69  1  0
 1  0 119504 1818548 4119848 1074948    0    0     0    67 3655 9674 16  5 79  1  0
 2  0 119504 1818548 4119848 1074948    0    0     0    59 3944 11949 26  7 66  1  0
 2  0 119504 1818548 4119848 1074948    0    0     0    67 3867 11118 20  6 73  1  0
 2  0 119504 1818548 4119848 1074948    0    0     0    66 3502 10344 18  5 76  2  0
 2  0 119504 1818548 4119848 1074948    0    0     0    31 3394 10069 15  5 79  1  0
------------------------------------------------------------------------------------------------------------------
---------------------------------------command: vmstat -t 5 >> vmstat_out: time stamp-----------------------------
procs -----------memory---------- ---swap-- -----io---- -system-- ------cpu----- -----timestamp-----
 r  b   swpd   free   buff  cache   si   so    bi    bo   in   cs us sy id wa st                 EAT
 1  0 119504 1737444 267020 2152628    0    4   105    83  620 1585 16  5 73  7  0 2024-02-22 19:05:35
 2  1 119504 1737444 267020 2152628    0    0     0    31 3490 10279 20  5 74  1  0 2024-02-22 19:05:40
 1  0 119504 1737444 267020 2152628    0    0     0    39 3514 9928 16  4 80  0  0 2024-02-22 19:05:45
 1  0 119504 1737444 267020 2152628    0    0     0    47 3413 9903 15  5 79  1  0 2024-02-22 19:05:50
 1  0 119504 1737444 267020 2152628    0    0     0   258 3622 10197 21  5 68  5  0 2024-02-22 19:05:55
 3  0 119504 1737444 267020 2152628    0    0     0    21 3154 9635 10  4 83  3  0 2024-02-22 19:06:00
 3  0 119504 1737444 267020 2152628    0    0     0    24 4386 10908 24  6 68  1  0 2024-02-22 19:06:05
 2  0 119504 1737444 267020 2152628    0    0     0     1 3342 9952 15  5 80  0  0 2024-02-22 19:06:10
 1  0 119504 1737444 267020 2152628    0    0     0    20 3427 11086 21  6 72  1  0 2024-02-22 19:06:15
 1  0 119504 1737444 267020 2152628    0    0     0    11 3575 10140 19  6 75  1  0 2024-02-22 19:06:20
 1  0 119504 1737444 267020 2152628    0    0     0   506 3991 9828 15  6 73  7  0 2024-02-22 19:06:25
 5  0 119504 1737444 267020 2152628    0    0     0    37 3675 10051 19  5 75  1  0 2024-02-22 19:06:30
 1  0 119504 1737444 267020 2152628    0    0     0    21 3154 9404 14  5 81  1  0 2024-02-22 19:06:35
 1  0 119504 1737444 267020 2152628    0    0     0    26 3162 9693 11  5 84  1  0 2024-02-22 19:06:40
 2  0 119504 1737444 267020 2152628    0    0     0    39 3436 9307 11  4 84  1  0 2024-02-22 19:06:45
 3  0 119504 1737444 267020 2152628    0    0     0    20 4409 11354 27  7 65  1  0 2024-02-22 19:06:50
 3  0 119504 1737444 267020 2152628    0    0     0   208 4017 10250 21  6 71  2  0 2024-02-22 19:06:55
 1  0 119504 1737444 267020 2152628    0    0     0    27 3532 9916 15  5 79  1  0 2024-02-22 19:07:00
 1  0 119504 1737444 267020 2152628    0    0     0    35 3442 9692 11  4 83  1  0 2024-02-22 19:07:05
10  0 119504 1737444 267020 2152628    0    0     0    40 3869 10332 17  6 77  1  0 2024-02-22 19:07:10
-------------------------------------------DONE--------------------------------------------------------------

